,code,name,mktcap
0,603999,读者传媒,43.0272
1,603998,方盛制药,41.628463002
5,603991,至正股份,20.6312874464
6,603990,麦迪科技,30.524004719999997
8,603988,中电电机,31.92
9,603987,康德莱,40.628028
11,603985,恒润股份,26.896
15,603977,国泰集团,29.7441032
16,603976,正川股份,32.1084
17,603970,中农立华,36.85335176
18,603969,银龙股份,49.88
19,603968,醋化股份,41.509440000000005
20,603966,法兰泰克,25.824
21,603963,大理药业,35.18
22,603960,克来机电,38.5216
24,603958,哈森股份,28.411939179999997
25,603955,大千生态,29.4321
27,603938,三孚股份,47.72294548
28,603937,丽岛新材,48.146840000000005
29,603936,博敏电子,41.385655
30,603933,睿能科技,41.2959274
32,603928,兴业股份,40.27968
33,603926,铁流股份,32.46
34,603922,金鸿顺,34.5088
37,603918,金桥信息,29.204325
38,603917,合力科技,29.9152
39,603916,苏博特,49.6736
40,603912,佳力图,43.99281
41,603909,合诚股份,32.54375
42,603908,牧高笛,21.47418
43,603906,龙蟠科技,33.472932
44,603903,XD中持股,35.8782592
45,603901,永创智能,37.32
51,603895,天永智能,46.991640000000004
52,603890,春秋电子,42.2097
55,603887,城地股份,29.3035
56,603886,元祖股份,45.696
61,603880,南卫股份,24.65
62,603879,XD永悦科,23.5728
63,603878,武进不锈,32.9664
71,603860,中公高科,23.651396
72,603859,能科股份,26.323208
74,603856,东宏股份,40.8882666
75,603855,华荣股份,38.337906
77,603843,正平股份,49.520371399999995
79,603838,四通股份,26.748003999999998
81,603829,洛凯股份,30.08
82,603828,柯利达,28.3004431875
85,603823,百合花,38.88
86,603822,嘉澳环保,26.9928
87,603819,神力股份,21.44555
89,603817,海峡环保,45.495
91,603813,原尚股份,37.488269
92,603811,诚意药业,26.61648
93,603809,豪能股份,41.451962
98,603800,道森股份,45.7392
100,603798,康普顿,35.7
101,603797,联泰环保,37.931852
102,603789,星光农机,33.28
104,603787,新日股份,34.476
105,603779,威龙股份,35.710064960000004
106,603778,乾景园林,31.3
110,603768,常青股份,34.986
111,603767,中马传动,35.509247200000004
113,603758,秦安股份,49.057510078199996
114,603757,大元泵业,44.499476
115,603738,泰晶科技,32.247514880000004
119,603729,龙韵股份,36.788506
121,603727,博迈科,45.42413
122,603726,朗迪集团,28.338329599999998
123,603725,天安新材,30.685456
124,603722,XD阿科力,39.4485
125,603721,中广天择,32.21
127,603717,天域生态,35.73403004
128,603716,塞力斯,47.389482
131,603709,中源家居,26.672
134,603703,盛洋科技,28.666559999999997
135,603701,德宏股份,24.3643761
138,603696,安记食品,39.012
139,603690,至纯科技,38.474844
140,603689,皖天然气,44.1168
143,603685,晨丰科技,30.89
144,603683,晶华新材,31.882839
146,603679,华体科技,28.580170000000003
148,603677,奇精机械,36.462945288
151,603668,天马科技,33.62744
152,603667,五洲新春,39.953759999999996
153,603665,康隆达,31.91
154,603663,三祥新材,28.8788752
155,603661,恒林股份,48.81
159,603656,泰禾光电,33.11126784
160,603655,朗博科技,31.1428
164,603637,镇海股份,29.6515955715
166,603633,徕木股份,24.683785
167,603630,拉芳家化,49.268
168,603628,清源股份,35.75828
172,603617,君禾股份,28.89
173,603616,韩建河山,48.375064
174,603615,茶花股份,37.68
176,603611,诺力股份,45.0752979345
178,603608,天创时尚,47.48195837
179,603607,DR京华激,26.650008000000003
180,603606,东方电缆,41.370713319000004
183,603602,纵横通信,39.936
185,603600,永艺股份,31.668180555
187,603598,引力传媒,39.1216059
192,603586,金麒麟,40.5577458
193,603585,苏利股份,45.375
194,603580,艾艾精工,21.1597246
196,603578,三星新材,26.136
197,603577,汇金通,25.622927999999998
202,603559,中通国脉,41.7235682368
203,603558,健盛集团,40.6363796624
207,603538,美诺华,26.808
208,603536,惠发股份,24.0912
209,603535,嘉诚国际,43.901759999999996
212,603527,众源新材,38.332615999999994
213,603520,司太立,34.74
214,603519,立霸股份,26.5852254252
215,603518,维格娜丝,41.5093629907
220,603507,振江股份,38.26732444
221,603506,南都物业,36.031746319999996
222,603505,金石资源,46.08
224,603500,祥和实业,31.563
225,603499,翔港科技,30.50757244
226,603496,恒为科技,37.20087
227,603488,展鹏科技,29.9936
228,603477,振静股份,34.128
235,603416,信捷电气,44.838640000000005
237,603398,邦宝益智,28.451071999999996
238,603396,金辰股份,30.932899469800002
240,603389,亚振家居,26.603640000000002
241,603388,元成股份,33.5319876
244,603385,惠达卫浴,49.129727052
245,603383,顶点软件,45.449403100000005
246,603380,易德龙,35.52
247,603378,亚士创能,36.758759999999995
252,603366,日出东方,44.48
255,603360,百傲化学,29.921496
259,603356,华菱精工,36.655165999999994
263,603339,四方冷链,44.715187125
266,603336,宏辉果蔬,40.3397085
267,603335,迪生力,36.632964
268,603333,明星电缆,30.888296999999998
269,603331,百达精工,25.53973731
270,603330,上海天洋,20.196
271,603329,上海雅仕,49.368
273,603326,我乐家居,29.507594280000003
275,603322,超讯通信,37.0944
276,603321,梅轮电梯,35.4585
277,603320,迪贝电气,27.83
278,603319,湘油泵,24.300276
280,603316,诚邦股份,26.873616
281,603315,福鞍股份,27.3618920844
283,603311,金海环境,29.232
284,603309,维力医疗,33.46
288,603303,得邦照明,48.0216
290,603300,华铁科技,30.3636960464
293,603289,泰瑞机器,39.54132
295,603286,日盈电子,26.4404152
297,603278,大业股份,41.8496
299,603269,海鸥股份,23.288262
300,603268,松发股份,23.5884376
301,603266,天龙股份,25.52
305,603239,浙江仙通,43.883712
306,603238,诺邦股份,26.544
308,603232,格尔软件,28.8469
309,603229,奥翔药业,30.624
311,603227,雪峰科技,30.036720000000003
312,603226,菲林格尔,25.6010056
314,603223,恒通股份,29.2752
315,603222,济民制药,32.16
318,603208,江山欧派,27.1380332838
319,603203,快克股份,43.74596224
320,603200,上海洗霸,31.6237523
321,603199,九华旅游,29.573696
324,603196,日播时尚,27.648
325,603189,网达软件,43.47552
327,603186,华正新材,27.035622999999998
328,603183,建研院,33.6248
332,603178,圣龙股份,28.6313984
333,603177,德创环保,34.0774
335,603168,莎普爱思,37.445544668400004
337,603166,福达股份,48.056584284
338,603165,荣晟环保,48.36051
339,603161,科华控股,38.12572
341,603159,上海亚虹,24.94
342,603158,腾龙股份,39.642151500000004
345,603139,康惠制药,25.76904
346,603138,海量数据,48.4742924
347,603136,天目湖,31.352
349,603131,上海沪工,36.8
350,603129,春风动力,36.058375559999995
354,603123,翠微股份,37.0045820732
356,603117,万林股份,40.3143852704
360,603110,东方材料,28.438675900000003
364,603101,汇嘉时代,32.88
365,603100,川仪股份,39.342
366,603099,长白山,31.413726
369,603090,宏盛股份,19.56
370,603089,正裕工业,27.179515999999996
371,603088,宁波精达,18.928
372,603086,先达股份,28.04
374,603083,剑桥科技,39.637979775000005
377,603079,圣达生物,38.24
378,603078,江化微,43.2936
380,603076,乐惠国际,28.67505
381,603069,海汽集团,39.6896
382,603067,振华股份,32.648
383,603066,音飞储存,37.1577921033
385,603060,国检集团,45.694
386,603059,倍加洁,38.312
390,603050,科林电气,28.2094104
391,603045,福达合金,24.211289999999998
393,603042,华脉科技,40.408438000000004
394,603041,美思德,20.77
395,603040,新坐标,39.09685993
397,603038,华立股份,25.11119282
398,603037,凯众股份,29.83842459
399,603036,如通股份,40.997376
400,603035,常熟汽饰,44.716
401,603033,三维股份,23.745260000000002
402,603032,德新交运,26.081304
403,603031,安德利,21.776
404,603030,全筑股份,40.3422135417
405,603029,天鹅股份,18.173298000000003
406,603028,赛福天,22.102079999999997
408,603026,石大胜华,45.684072
410,603023,威帝股份,25.92
411,603022,新通联,21.12
412,603021,山东华鹏,29.43522244
413,603020,爱普股份,35.168
416,603017,中衡设计,35.237085184
417,603016,新宏泰,33.084016
418,603015,弘讯科技,34.0012
420,603012,创力集团,43.222424
421,603011,合锻智能,35.740523399400004
423,603009,北特科技,46.002587049300004
425,603007,花王股份,45.4390125
426,603006,联明股份,29.3733087822
428,603003,龙宇燃油,47.2874847984
429,603002,宏昌电子,32.68670244
432,601999,出版传媒,37.62747401
435,601996,丰林集团,40.243728000000004
442,601968,宝钢包装,37.08333185
479,601798,*ST蓝科,19.9953903672
480,601789,宁波建工,39.531240000000004
501,601616,广电电气,31.7159925
507,601599,鹿港文化,49.4419827412
516,601518,吉林高速,39.671640000000004
545,601218,吉鑫科技,30.050328000000004
549,601208,东材科技,31.6433505
551,601199,江南水务,46.105679217500004
556,601177,杭齿前进,28.924338
596,601008,连云港,42.5375127319
597,601007,金陵饭店,29.7
608,600995,文山电力,40.14836496
610,600992,贵绳股份,22.401226
615,600985,雷鸣科化,39.470557395
616,600984,建设机械,42.026437398
617,600983,惠而浦,45.8330522
618,600982,宁波热电,27.785796
620,600980,北矿科技,21.674686912
621,600979,广安爱众,43.7926171452
624,600976,健民集团,41.8011185
625,600975,新五丰,32.6990467584
629,600969,郴电国际,27.9388115118
634,600962,国投中鲁,26.719199
635,600961,株冶集团,39.55934355
651,600898,国美通讯,32.095777522
653,600896,*ST海投,44.49787264
658,600891,秋林集团,38.6608712678
660,600889,南京化纤,26.999700937
666,600883,博闻科技,19.0286928
667,600882,广泽股份,32.601484772999996
671,600877,ST嘉陵,37.388142976000005
678,600870,*ST厦华,26.840142814500002
682,600866,星湖科技,25.686659907
683,600865,百大集团,27.2397988784
687,600861,北京城乡,27.403628088500003
688,600860,京城股份,24.5604
690,600858,银座股份,39.0570008339
691,600857,宁波中百,26.649206377200002
694,600854,春兰股份,24.5703888474
695,600853,龙建股份,28.9231278442
699,600847,万里股份,18.53244666
706,600838,上海九百,36.0392900919
708,600836,界龙实业,31.149394384
710,600834,申通地铁,39.8613890675
711,600833,第一医药,29.848953228599996
712,600831,XD广电网,46.3405249774
713,600830,香溢融通,31.1211081695
719,600824,益民集团,44.4799424806
722,600821,津劝业,26.557912754999997
724,600819,耀皮玻璃,44.3150216706
726,600817,ST宏盛,14.5140893964
728,600815,厦工股份,36.9203445765
736,600806,*ST昆机,34.2016230332
737,600805,悦达投资,48.2457178098
740,600802,福建水泥,29.977082781
742,600800,天津磁卡,33.436526270899996
743,600798,宁波海运,45.4605268068
745,600796,钱江生化,18.4156709984
748,600793,宜宾纸业,20.8494
749,600792,云煤能源,35.934226679999995
750,600791,京能置业,24.727248
755,600784,鲁银投资,31.0225103916
759,600780,通宝能源,47.2359039476
761,600778,*ST友好,16.1041028984
765,600774,汉商集团,29.3112073094
769,600769,祥龙电业,21.86117076
770,600768,宁波富邦,16.14328704
771,600767,ST运盛,20.5629139746
772,600766,园城黄金,19.1041252344
784,600753,东方银星,36.992
787,600749,*ST藏旅,26.0556413516
789,600747,ST大控,29.286567979999997
790,600746,江苏索普,20.315742267599997
801,600735,新华锦,39.554389539199995
804,600732,ST新梅,24.372516168
805,600731,湖南海利,21.31336188
806,600730,中国高科,34.906032118999995
809,600727,鲁北化工,35.2741540035
811,600725,ST云维,32.413961
812,600724,宁波富达,47.5484312359
814,600722,金牛化工,41.7716281064
815,600721,百花村,41.279837221399994
817,600719,大连热电,22.57665768
820,600716,凤凰股份,46.054181027999995
822,600714,金瑞矿业,22.420114039399998
824,600712,南宁百货,34.422218752
829,600706,曲江文旅,26.35202029
837,600697,欧亚集团,36.781162939999994
838,600696,ST匹凸,17.573182380000002
842,600692,亚通股份,31.131119663999996
845,600689,上海三毛,24.159159428600002
851,600683,京投发展,41.5576231917
854,600680,*ST上普,29.393128415299998
856,600678,四川金顶,35.736576
862,600671,天目药业,22.930964045499998
863,600668,尖峰集团,49.513662849199996
866,600665,天地源,34.046427327399996
875,600654,ST中安,40.415161248000004
876,600653,申华控股,43.015005005700004
882,600647,同达创业,22.137738805
884,600644,乐山电力,29.988916706299996
894,600634,*ST富控,25.5625043964
896,600630,龙头股份,39.469642361300004
899,600626,申达股份,46.4498801664
900,600624,复旦复华,43.068385428999996
908,600616,金枫酒业,38.5449774808
909,600615,丰华股份,20.0053820512
911,600613,神奇制药,44.06090931
916,600608,ST沪科,21.4088798091
918,600605,汇通能源,17.548740907200003
924,600599,熊猫金控,30.0626
930,600593,大连圣亚,27.7472
931,600592,龙溪股份,31.2850446093
933,600589,广东榕泰,38.2981066233
943,600579,天华院,45.4984714592
946,600576,祥源文化,40.842897039
948,600573,惠泉啤酒,21.8
950,600571,信雅达,41.6376219446
959,600561,江西长运,17.969451199999998
960,600560,金自天正,23.05785105
962,600558,大西洋,47.7525770092
964,600556,ST慧球,19.0685360964
974,600543,莫高股份,28.611791999999998
975,600540,新赛股份,21.7095647293
976,600539,*ST狮头,17.848
977,600538,国发股份,26.842388493
978,600537,亿晶光电,46.466191086
981,600533,栖霞建设,44.835
982,600532,宏达矿业,34.782829528
984,600530,交大昂立,48.906
987,600527,江南高纤,42.572455507499996
988,600526,菲达环保,40.4532052608
990,600523,贵航股份,41.967515016
993,600520,文一科技,31.717685999999997
999,600513,联环药业,23.179049124
1000,600512,腾达建设,45.0890598624
1006,600506,香梨股份,19.4529951741
1007,600505,西昌电力,21.2178285
1010,600501,航天晨光,43.097312280000004
1017,600493,凤竹纺织,19.4208
1032,600476,湘邮科技,28.847637
1034,600470,六国化工,24.35872
1035,600469,风神股份,24.6336991236
1037,600467,好当家,39.3007467776
1039,600463,空港股份,28.26
1040,600462,九有股份,23.859966
1043,600459,贵研铂业,48.3330778184
1046,600455,博通股份,18.550026000000003
1048,600449,宁夏建材,45.42719899
1049,600448,华纺股份,20.731563860999998
1051,600444,国机通用,19.1519887056
1061,600425,青松建化,47.4303789584
1062,600423,*ST柳化,19.2884848779
1064,600421,ST仰帆,14.59176
1072,600408,*ST安泰,20.23668
1074,600405,动力源,32.4297338496
1076,600401,*ST海润,41.106935822400004
1080,600397,*ST安煤,23.8580331562
1081,600396,金山股份,38.7321892871
1090,600386,北巴传媒,38.46528
1091,600385,山东金泰,19.0613899476
1096,600379,宝光股份,20.0479521
1097,600378,天科股份,35.2768437604
1100,600375,华菱星马,26.286530238100003
1103,600371,万向德农,20.367929999999998
1104,600370,三房巷,23.199807093
1106,600368,五洲交通,42.0986393432
1107,600367,红星发展,29.38208
1109,600365,通葡股份,29.48
1112,600361,华联综超,35.420981237599996
1114,600359,新农开发,21.593625612
1115,600358,国旅联合,35.143591535999995
1116,600356,恒丰纸业,21.3891666648
1117,600355,精伦电子,27.26174168
1118,600354,敦煌种业,31.984806048
1119,600353,旭光股份,30.013344
1131,600336,澳柯玛,36.119027008500005
1133,600333,长春燃气,36.846356381999996
1138,600328,兰太实业,43.6278948708
1139,600327,大东方,40.4389612541
1144,600321,*ST正源,32.778935
1146,600319,亚星化学,25.3421982
1151,600313,农发种业,29.8686830988
1153,600311,荣华实业,27.15648
1154,600310,桂东电力,42.6304125
1158,600306,商业城,15.587155325
1160,600303,曙光股份,48.7786240342
1161,600302,标准股份,17.8541058864
1162,600301,ST南化,14.367551354000001
1172,600289,*ST信通,21.5188755529
1173,600288,大恒科技,37.7832
1174,600287,江苏舜天,28.566463239599997
1177,600283,钱江水利,43.9126722952
1179,600281,太化股份,23.405292137500002
1181,600279,重庆港九,38.8749758892
1185,600275,ST昌鱼,21.7273500626
1187,600272,开开实业,23.4252
1191,600268,国电南自,33.0946227584
1194,600265,ST景谷,29.19202
1195,600262,北方股份,40.97
1200,600257,大湖股份,29.981076812399998
1205,600250,南纺股份,21.445604934
1206,600249,两面针,30.195
1207,600248,延长化建,32.452447092
1208,600247,*ST成城,23.82006528
1210,600243,青海华鼎,24.838910000000002
1212,600241,时代万恒,23.838471315
1215,600238,*ST椰岛,25.45776
1216,600237,铜峰电子,26.5818065115
1218,600235,民丰特纸,19.56741
1219,600234,ST山水,20.285077176
1221,600232,金鹰股份,21.153675552
1225,600228,ST昌九,23.239116
1228,600225,天津松江,36.110014938999996
1229,600223,鲁商置业,35.234073599999995
1230,600222,太龙药业,27.661318840599996
1232,600220,江苏阳光,46.1885144434
1234,600218,全柴动力,22.346553
1237,600215,长春经开,42.457501944
1238,600213,亚星客车,20.504
1239,600212,江泉实业,28.552704485399996
1242,600209,*ST罗顿,28.4479237512
1246,600203,福日电子,45.599067288
1247,600202,*ST哈空,17.4036665088
1250,600199,金种子酒,41.68312515
1255,600193,*ST创兴,14.462682000000001
1256,600192,长城电工,24.2077904
1257,600191,华资实业,30.793182
1259,600189,吉林森工,41.4133101963
1262,600186,莲花健康,24.0017494286
1269,600178,东安动力,29.480704
1273,600173,卧龙地产,36.74872173
1282,600163,中闽能源,37.280053079
1286,600159,大龙地产,27.7221079488
1289,600156,华升股份,17.2505491158
1292,600152,维科精华,25.9108519236
1295,600149,ST坊展,29.27232
1296,600148,长春一东,27.4541913
1298,600145,*ST新亿,27.883577106
1301,600139,西部资源,34.087361162
1303,600137,浪莎股份,18.4810634788
1305,600135,乐凯胶片,33.904948711500005
1308,600131,岷江水电,29.9954467225
1309,600130,波导股份,48.0768
1311,600128,弘业股份,20.580409500000002
1312,600127,金健米业,26.1205769726
1317,600121,郑州煤电,41.426009292
1319,600119,长江投资,33.69104
1321,600117,西宁特钢,47.3438568156
1325,600113,浙江东日,32.9751
1326,600112,天成控股,23.1179000084
1331,600107,美尔雅,38.124
1332,600106,重庆路桥,38.942131800000006
1336,600101,明星电力,26.582676114
1338,600099,林海股份,19.392120000000002
1340,600097,开创国际,33.5624626687
1342,600095,哈高科,19.435979797
1345,600091,ST明科,18.9837035416
1348,600088,中视传媒,47.559057
1352,600083,博信股份,44.758
1353,600082,海泰发展,37.2162715776
1354,600081,东风科技,33.39414
1355,600080,金花股份,39.491996152999995
1357,600078,澄星股份,28.490633023
1358,600077,宋都股份,49.584526062
1361,600074,*ST保千,34.3741932909
1364,600071,凤凰光学,38.470537872
1365,600070,浙江富润,46.8185667846
1382,600052,浙江广厦,32.517733131600004
1383,600051,宁波联合,23.47144
1417,300746,N汉嘉,17.02136
1418,300745,欣锐科技,23.2574586912
1424,300738,奥飞数据,44.0806564
1426,300736,百华悦邦,26.52436908
1428,300733,西菱动力,41.984
1430,300731,科创新源,49.626695479
1431,300730,科创信息,45.552834109900004
1432,300729,乐歌股份,29.068
1433,300727,润禾材料,43.588159999999995
1437,300722,新余国科,35.88
1438,300721,怡达股份,28.629579999999997
1439,300720,海川智能,26.6544
1441,300718,长盛轴承,49.25
1442,300717,华信新材,27.873279999999998
1443,300716,国立科技,33.828228
1444,300715,凯伦股份,37.8432
1445,300713,英可瑞,41.3153125
1446,300712,永福股份,32.400504
1447,300711,广哈通信,38.500319718
1448,300710,万隆光电,26.073320000000002
1449,300709,精研科技,45.32
1454,300703,创源文化,29.88
1456,300701,森霸传感,36.264
1457,300700,岱勒新材,47.35528
1459,300698,万马科技,40.401
1460,300697,电工合金,38.768
1461,300696,爱乐达,48.161575
1463,300693,盛弘股份,34.1304721773
1464,300692,中环环保,45.110743
1466,300690,双一科技,38.0316032
1467,300689,澄天伟业,27.132
1468,300688,创业黑马,44.2884
1469,300687,赛意信息,47.488
1470,300686,智动力,35.3359107
1475,300681,英搏尔,47.5524
1476,300680,隆盛科技,28.866
1484,300671,富满电子,42.192005
1485,300670,大烨智能,38.4156
1486,300669,沪宁股份,21.36996
1487,300668,杰恩设计,39.019079999999995
1488,300667,必创科技,43.452
1490,300665,飞鹿股份,22.078
1492,300663,科蓝软件,47.0026039977
1493,300662,科锐国际,41.958
1496,300659,中孚信息,35.775355
1497,300658,延江股份,36.075
1498,300657,弘信电子,36.2336
1499,300656,民德电子,29.97
1500,300655,晶瑞股份,29.528428250999998
1501,300654,世纪天鸿,31.692325
1503,300652,雷迪克,23.5224
1504,300651,金陵体育,28.6650919
1505,300650,太龙照明,22.554571160000002
1506,300649,杭州园林,47.2704
1507,300648,星云股份,40.5523
1508,300647,超频三,29.189517
1509,300645,正元智慧,25.066666792
1510,300644,南京聚隆,45.9712
1511,300643,万通智控,36.22
1513,300641,正丹股份,43.5168
1514,300640,德艺文创,22.544
1515,300639,凯普生物,47.9113488
1516,300638,广和通,37.608
1517,300637,扬帆新材,31.127695000000003
1518,300636,同和药业,23.161800200000002
1519,300635,达安股份,25.955583999999998
1522,300632,光莆股份,25.3023
1523,300631,久吾高科,28.170288
1525,300629,新劲刚,29.610014805000002
1528,300626,华瑞股份,26.06
1532,300622,博士眼镜,21.74172
1533,300621,维业股份,30.260964299999998
1534,300620,光库科技,37.0656
1535,300619,金银河,27.48224
1537,300617,安靠智电,31.321565999999997
1539,300615,欣天科技,27.08
1541,300612,宣亚国际,49.8852
1542,300611,美力科技,29.16893965
1543,300610,晨化股份,24.12
1544,300609,汇纳科技,33.923252399999996
1545,300608,思特奇,27.1130979
1547,300606,金太阳,24.3516
1548,300605,恒锋信息,24.207545
1550,300603,立昂技术,36.62325
1553,300600,瑞特股份,43.26
1554,300599,雄塑科技,42.2864
1555,300598,诚迈科技,30.424
1556,300597,吉大通信,46.68
1557,300596,利安隆,38.466
1559,300593,新雷能,26.631970000000003
1560,300592,华凯创意,19.617690330000002
1561,300591,万里马,25.4592
1562,300590,移为通信,44.32
1563,300589,江龙船艇,35.65361124
1564,300588,熙菱信息,29.86
1565,300587,天铁股份,24.56955
1566,300586,美联新材,37.824
1567,300585,奥联电子,29.104
1569,300583,赛托生物,48.810877484
1570,300582,英飞特,32.1732147504
1571,300581,晨曦航空,29.2896
1572,300580,贝斯特,42.6
1573,300579,数字认证,41.04
1574,300578,会畅通讯,31.513532400000003
1576,300576,容大感光,21.552
1577,300575,中旗股份,31.694535
1578,300573,兴齐眼药,18.952
1581,300570,太辰光,45.3093696
1582,300569,天能重工,32.2375788
1585,300566,激智科技,34.9098945
1586,300565,科信技术,36.64
1587,300563,神宇股份,24.544
1588,300562,乐心医疗,38.21312
1589,300561,汇金科技,39.747495
1590,300560,中富通,40.241868
1591,300559,佳发安泰,41.020232400000005
1593,300557,理工光科,19.28914911
1594,300556,丝路视觉,31.2052884
1595,300555,路通视信,27.66
1596,300554,三超新材,47.3304
1597,300553,集智股份,20.088
1598,300552,万集科技,28.644292
1599,300551,古鳌科技,19.8072
1600,300550,和仁科技,33.171492
1601,300549,优德精密,26.507991999999998
1602,300548,博创科技,36.019319
1603,300547,川环科技,33.860527506000004
1604,300546,雄帝科技,31.678531500000002
1605,300545,联得装备,39.5498954368
1606,300543,朗科智能,37.692
1607,300542,新晨科技,32.03557395
1608,300541,先进数通,30.732
1609,300540,深冷股份,29.988546999999997
1610,300539,横河模具,25.498
1611,300538,同益股份,22.56816924
1612,300537,广信材料,35.22753408
1613,300536,农尚环境,27.8875116416
1614,300535,达威股份,22.0024248
1615,300534,陇神戎发,32.700590999999996
1616,300533,冰川网络,45.89
1617,300532,今天国际,49.35108384
1619,300530,达志科技,23.968
1623,300526,中潜股份,31.72099096
1624,300525,博思软件,31.779077759999996
1626,300522,世名科技,31.2735636
1627,300521,爱司凯,21.8304
1629,300519,新光药业,46.304
1630,300518,盛讯达,48.984832
1631,300517,海波重科,25.8048
1633,300515,三德科技,25.6
1634,300514,友讯达,39.84
1639,300509,新美星,23.712
1640,300508,维宏股份,37.2171
1641,300507,苏奥传感,36.7458372
1643,300505,川金诺,29.427071999999995
1645,300503,昊志机电,40.842018837
1646,300502,新易盛,49.188923249999995
1647,300501,海顺新材,25.047177119999997
1648,300500,启迪设计,43.036588724
1649,300499,高澜股份,21.781089
1654,300494,盛天网络,40.344
1655,300493,润欣科技,45.24
1656,300492,山鼎设计,24.186239999999998
1657,300491,通合科技,29.859479999999998
1658,300490,华自科技,33.7851034706
1659,300489,中飞股份,16.49835
1660,300488,恒锋工具,35.5215735798
1662,300486,东杰智能,31.043041624
1664,300484,蓝海华腾,32.0112
1665,300483,沃施股份,24.6
1667,300481,濮阳惠成,40.2562224
1668,300480,光力科技,28.508072186699998
1669,300479,神思电子,31.2
1670,300478,杭州高新,24.907912
1673,300475,聚隆科技,25.06
1675,300473,德尔股份,45.262488
1676,300472,新元科技,36.847660954
1677,300471,厚普股份,41.064031199999995
1679,300469,信息发展,28.14643
1680,300468,四方精创,40.12793505
1683,300465,高伟达,42.9622275435
1684,300464,星徽精密,17.389008999999998
1686,300462,华铭智能,37.718688
1687,300461,田中精机,38.28412026
1688,300460,惠伦晶体,23.59204284
1693,300455,康拓红外,44.0608
1695,300453,三鑫医疗,23.315967999999998
1696,300452,山河药辅,23.82176
1699,300449,汉邦高科,32.809796948000006
1701,300447,全信股份,47.7518900278
1702,300446,乐凯新材,27.163359999999997
1703,300445,康斯特,26.36581248
1705,300443,金雷风电,31.780583067
1706,300442,普丽盛,20.17
1708,300440,运达科技,40.400714
1711,300437,清水源,38.686652198000004
1712,300436,广生堂,43.60217775
1713,300435,中泰股份,33.4637996
1714,300434,金石东方,49.32521984
1718,300430,诚益通,32.6954692992
1720,300428,四通新材,45.435456
1723,300425,环能科技,40.511507225
1727,300421,力星股份,22.397121009899998
1728,300420,五洋停车,38.1431050637
1729,300419,浩丰科技,29.05254783
1731,300417,南华仪器,18.43344
1732,300416,苏试试验,30.144
1733,300415,伊之密,45.6192
1734,300414,中光防雷,36.0795972961
1736,300412,迦南科技,29.2975066
1741,300407,凯发电气,28.163121999999998
1743,300405,科隆股份,18.041755482
1744,300404,博济医药,29.6336097
1745,300403,地尔汉宇,44.6823
1746,300402,宝色股份,21.311
1748,300400,劲拓股份,34.204725
1749,300399,京天利,24.8368
1751,300397,天和防务,37.32
1753,300395,菲利华,47.4268455
1754,300394,天孚通信,38.47095
1756,300392,腾信股份,43.6992
1757,300391,康跃科技,29.6851465568
1758,300390,天华超净,40.48433125
1761,300387,富邦股份,21.148363449999998
1763,300385,雪浪环境,28.655755625999998
1766,300382,斯莱克,42.9070346783
1767,300381,溢多利,44.2549838208
1768,300380,安硕信息,28.628752000000002
1769,300379,东方通,37.316171067599996
1770,300378,鼎捷软件,39.7594334386
1773,300375,鹏翎股份,28.716545868500003
1774,300374,恒通科技,35.632697631300005
1776,300371,汇中股份,23.16
1777,300370,安控科技,40.1588213656
1779,300368,汇金股份,45.953120629
1785,300362,天翔环境,44.617617299
1786,300360,炬华科技,37.070533075
1790,300356,光一科技,28.541653856
1792,300354,东华测试,16.2274228773
1796,300350,华鹏飞,43.1393478705
1800,300346,南大光电,41.8407264
1801,300345,红宇新材,20.387851314600002
1802,300344,太空智造,34.479983048
1805,300341,麦迪电气,34.7421231816
1811,300335,迪森股份,49.4136425845
1812,300334,津膜科技,34.1304614878
1813,300333,兆日科技,35.28
1814,300332,天壕环境,46.1355741216
1815,300331,苏大维格,40.4401376549
1816,300330,华虹计通,17.9424
1817,300329,海伦钢琴,22.465315272
1818,300328,宜安科技,45.061646960000004
1824,300322,硕贝德,39.528812835000004
1825,300321,同大股份,15.54
1826,300320,海达股份,38.3087537244
1828,300318,博晖创新,46.7382371936
1832,300314,戴维医疗,36.864
1833,300313,天山生物,33.645070069999996
1834,300312,邦讯技术,26.691336
1840,300306,远方信息,38.636425632
1841,300305,裕兴股份,20.0394582
1842,300304,云意电气,49.4589120606
1843,300303,聚飞光电,41.127425947300004
1845,300301,长方集团,40.4535689728
1847,300299,富春股份,42.3512938565
1851,300295,三六五网,30.300371999999996
1853,300293,蓝英装备,30.078
1856,300290,荣科科技,22.7859297211
1857,300289,利德曼,38.735798479
1860,300286,安科瑞,24.2489169
1863,300283,温州宏丰,21.87827928
1864,300282,三盛教育,44.4925606771
1865,300281,金明精机,29.743574215499997
1866,300280,南通锻压,42.2784
1868,300278,华昌达,49.05390708
1869,300277,海联讯,33.6675
1871,300275,梅安森,19.548844
1874,300272,开能环保,46.4284446912
1876,300270,中威电子,40.521196100000004
1878,300268,佳沃股份,22.0832
1881,300265,通光线缆,23.895
1882,300264,佳创视讯,28.17342
1884,300262,巴安水务,46.1893404011
1886,300260,新莱应材,32.3104
1887,300259,新天科技,49.6127658276
1890,300256,星星科技,48.7576162413
1892,300254,仟源医药,22.5180948
1896,300250,初灵信息,33.3074041404
1897,300249,依米康,33.726787970400004
1898,300248,新开普,35.6489538795
1899,300247,乐金健康,44.0889187524
1900,300246,宝莱特,29.6850816
1901,300245,天玑科技,40.6667153505
1903,300243,瑞丰高材,24.0157813104
1904,300242,佳云科技,40.7889442744
1905,300241,瑞丰光电,47.1902654734
1906,300240,飞力达,29.6834517
1907,300239,东宝生物,24.19589067
1911,300235,方直科技,22.690763368
1912,300234,开尔新材,22.6416047816
1915,300231,银信科技,41.159530482
1918,300228,富瑞特装,43.671166463999995
1919,300227,光韵达,29.2780032048
1923,300223,北京君正,48.9673590963
1926,300220,金运激光,19.1268
1928,300218,安利股份,17.163671700000002
1929,300217,东方电热,34.384330062
1930,300216,千山药机,32.131564388
1932,300214,日科化学,23.802925122599998
1933,300213,佳讯飞鸿,43.1916556236
1935,300211,亿通科技,20.3700929829
1936,300210,森远股份,24.4531076265
1940,300206,理邦仪器,45.3375
1941,300205,天喻信息,38.274984
1946,300200,高盟新材,24.918251947599998
1950,300196,长海股份,45.7182273852
1951,300195,长荣股份,49.41713382
1953,300193,佳士科技,34.992803382
1954,300192,科斯伍德,27.868995
1957,300189,神农基因,41.0624
1964,300181,佐力药业,43.1515017232
1966,300179,四方达,30.776015700000002
1970,300175,朗源股份,25.09364
1972,300173,智慧松德,46.1324055861
1973,300172,中电环保,34.6788
1976,300169,天晟新材,18.222524606
1978,300167,迪威迅,21.617279999999997
1980,300165,天瑞仪器,31.307328000000002
1981,300164,通源石油,36.5250135267
1982,300163,先锋新材,20.7138
1983,300162,雷曼股份,31.490853703
1984,300161,华中数控,26.6444010354
1985,300160,秀强股份,32.936576
1990,300155,安居宝,29.668034869200003
1991,300154,瑞凌股份,27.496496
1992,300153,科泰电源,31.168
1993,300152,科融环境,27.656640000000003
1994,300151,昌红科技,36.83325
1995,300150,世纪瑞尔,32.7074283627
2004,300141,和顺电气,23.83377464
2005,300140,中环装备,41.4530801906
2006,300139,晓程科技,21.4268
2007,300138,晨光生物,48.254506493
2010,300135,宝利国际,30.044159999999998
2013,300132,青松股份,44.921088
2016,300129,泰胜风能,35.554563101999996
2018,300127,银河磁体,49.893797983999995
2019,300126,锐奇股份,18.04966008
2020,300125,易世达,33.6123
2025,300120,经纬电材,33.164278990999996
2026,300119,瑞普生物,45.303267856
2028,300117,嘉寓股份,37.6299
2033,300112,万讯自控,27.348866556
2034,300111,向日葵,32.810140000000004
2039,300106,西部牧业,14.201531231999999
2040,300105,龙源技术,25.917408
2042,300103,达刚路机,31.9189005
2046,300099,精准信息,39.487476045
2049,300096,易联众,46.784
2050,300095,华伍股份,26.50975978
2052,300093,金刚玻璃,19.7208
2053,300092,科新机电,18.5973620166
2058,300087,荃银高科,44.8146401211
2059,300086,康芝药业,48.6
2061,300084,海默科技,25.1636792652
2063,300082,奥克股份,40.295664
2065,300080,易成新能,29.3134744243
2069,300076,GQY视讯,25.1008
2071,300074,华平股份,39.89367585
2076,300069,金利华电,18.7317
2079,300066,三川智慧,48.6735566616
2082,300063,天龙集团,30.21936112
2083,300062,中能电气,18.2336
2087,300057,万顺股份,37.3275399069
2088,300056,三维丝,26.6759386556
2092,300052,中青宝,33.38683694
2093,300051,三五互联,35.437562547999995
2094,300050,世纪鼎利,41.279422444800005
2095,300049,福瑞股份,35.11758885
2096,300048,合康新能,35.5986910812
2098,300046,台基股份,28.55808
2102,300042,朗科科技,32.838879999999996
2103,300041,回天新材,45.125515672000006
2104,300040,九洲电气,24.2677230004
2109,300035,中科电气,33.204188317799996
2110,300034,钢研高纳,48.2193697004
2114,300030,阳普医疗,24.4257489665
2115,300029,天龙光电,14.46
2116,300028,金亚科技,14.96313
2119,300025,华星创业,21.640793380999998
2121,300023,宝德股份,35.435569477499996
2122,300022,吉峰农机,17.30093729
2125,300019,硅宝科技,27.9943050546
2126,300018,中元股份,28.983433892
2131,300013,新宁物流,35.496736072
2133,300011,鼎汉技术,46.4797121984
2137,300007,汉威科技,42.048772661
2138,300006,莱美药业,47.272438131
2139,300005,探路者,40.553872632
2140,300004,南风股份,30.7059013584
2151,002923,润都股份,46.56
2152,002922,伊戈尔,37.1559943125
2153,002921,联诚精密,30.712
2155,002919,名臣健康,30.159386631999997
2157,002917,金奥博,35.55737
2159,002915,中欣氟材,45.36
2164,002909,集泰股份,27.048
2173,002899,英派斯,30.156
2174,002898,赛隆药业,40.256
2175,002897,意华股份,43.372021999999994
2176,002896,中大力德,36.504
2178,002893,华通热力,36.48
2179,002892,科力尔,28.281879999999997
2180,002891,中宠股份,39.14
2181,002890,弘宇股份,23.547844
2182,002889,东方嘉盛,48.611703008
2183,002888,惠威科技,31.40598516
2185,002886,沃特股份,29.647107000000002
2186,002885,京泉华,27.904
2187,002884,凌霄泵业,42.376090000000005
2188,002883,中设股份,29.093424249999998
2190,002881,美格智能,41.430628000000006
2192,002879,长缆科技,46.7320490252
2193,002878,元隆雅图,37.1535705
2194,002877,智能自控,48.3984832
2195,002876,三利谱,46.336
2196,002875,安奈儿,29.706478230000002
2197,002873,新天药业,36.3342
2199,002871,伟隆股份,35.22332
2200,002870,香山股份,26.59159032
2201,002869,金溢科技,37.9316
2202,002868,绿康生化,27.036
2204,002866,传艺科技,40.17238799
2205,002865,钧达股份,33.36
2207,002863,今飞凯达,42.9267
2208,002862,实丰文化,21.008
2209,002861,瀛通通讯,31.85250464
2210,002860,星帅尔,27.9221649
2212,002858,力盛赛车,27.285120000000003
2213,002857,三晖电气,16.008
2214,002856,美芝股份,37.272852
2215,002855,捷荣技术,29.904
2216,002853,皮阿诺,44.816022749999995
2220,002849,威星智能,28.738677720000002
2221,002848,高斯贝尔,28.281779999999998
2223,002846,英联股份,32.44702144
2225,002843,泰嘉股份,26.0293715
2226,002842,翔鹭钨业,39.916
2231,002837,英维克,41.286689714800005
2232,002836,新宏泽,32.64
2233,002835,同为股份,23.436
2237,002830,名雕股份,32.934979999999996
2238,002829,星网宇达,41.662359
2239,002828,贝肯能源,44.183153000000004
2240,002827,高争民爆,36.2112
2241,002826,易明医药,37.944
2242,002825,纳尔股份,25.328275
2243,002824,和胜股份,28.206
2244,002823,凯中精密,46.9497736557
2245,002822,中装建设,43.68
2247,002820,桂发祥,36.78208
2248,002819,东方中科,32.335902000000004
2250,002817,黄山胶囊,25.316307000000002
2251,002816,和科达,19.2
2253,002813,路畅科技,43.74
2255,002811,亚泰国际,33.66
2256,002810,山东赫达,24.234016
2257,002809,红墙股份,35.4862101
2258,002808,苏州恒久,25.344
2261,002805,丰元股份,29.14197966
2262,002803,吉宏股份,46.3652
2263,002802,洪汇新材,31.757385
2264,002801,微光股份,35.6573485
2265,002800,天顺股份,20.962676000000002
2266,002799,环球印务,19.995
2269,002796,世嘉科技,29.1630944135
2270,002795,永和智控,49.9
2271,002793,东音股份,31.92
2273,002791,坚朗五金,48.970542
2274,002790,瑞尔特,36.0704
2275,002789,建艺集团,31.806040000000003
2276,002788,鹭燕医药,39.873313679999995
2277,002787,华源控股,30.800028
2278,002786,银宝山新,29.469852000000003
2279,002785,万里石,22.84
2280,002783,凯龙股份,38.187525
2282,002781,奇信股份,42.75
2283,002780,三夫户外,21.6048019272
2284,002779,中坚科技,25.9248
2285,002778,高科石化,17.011003549999998
2287,002776,柏堡龙,46.769120678
2289,002774,快意电梯,33.58044
2291,002772,众兴菌业,39.0862215309
2292,002771,真视通,32.33620002
2293,002770,科迪乳业,47.1888020507
2296,002767,先锋电子,30.54
2298,002765,蓝黛传动,36.45497
2299,002763,汇洁股份,49.14432
2300,002762,金发拉比,35.478097999999996
2301,002761,多喜爱,43.056
2302,002760,凤形股份,21.5864
2303,002759,天际股份,48.6093481725
2304,002758,华通医药,22.701
2305,002757,南兴装备,37.308096
2307,002755,东方新星,23.61222
2308,002753,永东股份,45.4146963975
2311,002750,龙津药业,37.3266
2312,002749,国光股份,45.849
2313,002748,世龙实业,27.816
2315,002746,仙坛股份,44.5763067722
2317,002743,富煌钢构,29.876883967999998
2320,002740,爱迪尔,27.9015346976
2322,002738,中矿资源,41.349875
2325,002735,王子新材,28.004446750000003
2326,002734,利民股份,41.671365109
2327,002733,雄韬股份,42.258664084900005
2328,002732,燕塘乳业,41.03688
2329,002731,萃华珠宝,24.425228
2330,002730,电光科技,32.912748
2331,002729,好利来,21.384276
2332,002728,特一药业,35.8
2335,002725,跃岭股份,30.5664
2336,002724,海洋王,48.54
2337,002723,金莱特,32.89654
2338,002722,金轮股份,37.0058937078
2340,002719,麦趣尔,31.7260324315
2341,002718,友邦吊顶,36.3847590672
2344,002715,登云股份,18.3264
2350,002708,光洋股份,31.273033769199998
2355,002702,海欣食品,24.951444
2357,002700,新疆浩源,34.554518784
2363,002694,顾地科技,42.28153344
2364,002693,双成药业,31.0635
2365,002692,睿康股份,43.806906
2366,002691,冀凯股份,31.7
2368,002689,远大智能,41.0685040168
2369,002688,金河生物,40.277364127000006
2370,002687,乔治白,22.710528
2371,002686,亿利达,42.5801822181
2375,002682,龙洲股份,36.366502412
2378,002679,福建金森,34.018204
2381,002676,顺威股份,29.16
2383,002674,兴业科技,33.229037819999995
2386,002671,龙泉股份,26.598483136200002
2390,002667,鞍重股份,19.368861600000002
2391,002666,德联集团,39.4514207164
2397,002660,茂硕电源,25.279802136
2402,002655,共达电声,32.364
2405,002652,扬子新材,34.922764799999996
2412,002645,华宏科技,46.1616821876
2416,002641,永高股份,43.01856
2418,002639,雪人股份,46.6458354764
2420,002637,赞宇科技,39.94012
2423,002634,棒杰股份,25.5856429125
2424,002633,申科股份,18.03
2428,002629,仁智股份,27.1473732
2429,002628,成都路桥,38.861834530500005
2430,002627,宜昌交运,35.5257221937
2434,002623,亚玛顿,31.888
2437,002620,瑞和股份,31.93625
2442,002615,哈尔斯,30.45168
2444,002613,北玻股份,33.550686
2450,002607,亚夏汽车,44.380175436
2451,002606,大连电瓷,25.183252799999998
2452,002605,姚记扑克,40.272955561799996
2453,002604,*ST龙力,18.766271882599998
2458,002599,盛通股份,40.5067272246
2459,002598,山东章鼓,26.3016
2464,002593,日上集团,27.6952275
2466,002591,恒大高新,28.0247854826
2470,002587,奥拓电子,47.3212635516
2477,002580,圣阳股份,22.4472281918
2478,002579,中京电子,35.86268832
2479,002578,闽发铝业,38.8320665328
2481,002576,通达动力,19.79549
2482,002575,群兴玩具,31.49652
2483,002574,明牌珠宝,36.5376
2486,002571,德力股份,25.71196592
2488,002569,步森股份,26.013858
2490,002567,唐人神,48.186478022399996
2491,002566,益盛药业,29.289216600000003
2492,002565,顺灏股份,40.418963055
2496,002561,徐家汇,43.4472335
2497,002560,通达股份,32.9151416217
2498,002559,亚威股份,33.943316771
2501,002556,辉隆股份,43.27128
2503,002554,惠博普,43.796129
2504,002553,南方轴承,28.8492
2505,002552,*ST宝鼎,17.945215006799998
2508,002549,凯美特气,38.98125
2509,002548,金新农,33.5634695928
2511,002546,新联电子,37.3653995008
2516,002541,鸿路钢构,48.775682509400006
2521,002536,西泵股份,42.5938849776
2522,002535,林州重机,35.0335503338
2524,002533,金杯电工,30.864167424
2525,002532,新界泵业,31.4640989
2528,002529,海源机械,43.81
2529,002528,英飞拓,46.877141024
2530,002527,新时达,48.993525906
2531,002526,山东矿机,39.048737007300005
2532,002524,光正集团,34.02529728
2535,002521,齐峰新材,38.041339481099996
2542,002514,宝馨科技,33.1866524136
2543,002513,蓝丰生化,30.0636269752
2552,002504,弘高创意,45.3403831166
2557,002499,科林环保,32.5269
2560,002496,辉丰股份,48.3900608451
2561,002495,佳隆股份,33.12114624
2562,002494,华斯股份,28.030271468600002
2564,002492,恒基达鑫,34.3035
2566,002490,山东墨龙,44.6795104
2569,002487,大金重工,24.07592
2570,002486,嘉麟杰,34.3616
2573,002483,润邦股份,32.008513375999996
2576,002480,新筑股份,49.933227028
2580,002476,宝莫股份,33.966
2583,002473,*ST圣莱,12.24
2585,002471,中超控股,43.746
2587,002469,三维工程,25.918036723500002
2599,002457,青龙管业,35.308156800000006
2601,002455,百川股份,42.3404279298
2602,002454,松芝股份,41.3037072
2603,002453,天马精化,35.64912
2604,002452,长高集团,26.47
2613,002443,金洲管道,43.881144336
2615,002441,众业达,47.502715264799996
2618,002438,江苏神通,36.481488915599996
2624,002432,九安医疗,41.592649008100004
2629,002427,*ST尤夫,41.3284535004
2636,002420,毅昌股份,18.847
2639,002417,深南股份,29.241
2644,002412,汉森制药,48.84
2650,002406,远东传动,36.9699
2652,002404,嘉欣丝绸,39.1085054957
2653,002403,爱仕达,36.4683953841
2655,002401,中远海科,36.84366
2658,002398,建研集团,48.110554344
2659,002397,梦洁股份,43.200785416
2661,002395,双象股份,29.967885600000002
2662,002394,联发股份,36.12492
2664,002392,北京利尔,48.5720262312
2668,002388,新亚制程,38.48776824
2675,002381,双箭股份,32.69455
2676,002380,科远股份,39.4546270956
2677,002379,宏创控股,40.7616
2682,002374,丽鹏股份,35.1848414668
2691,002365,永安药业,49.94868375
2693,002363,隆基机械,29.335071220499998
2694,002362,汉王科技,49.808681514
2695,002361,神剑股份,40.0244356544
2696,002360,同德化工,24.8610501
2699,002357,富临运业,22.0696281344
2705,002351,漫步者,45.724416
2706,002350,北京科锐,33.824237
2708,002348,高乐股份,38.92992
2709,002347,泰尔股份,21.6586970884
2717,002339,积成电子,34.0153344
2718,002338,奥普光电,30.816
2719,002337,赛象科技,25.78136985
2720,002336,人人乐,49.08
2725,002331,皖通科技,37.0268685648
2726,002330,得利斯,32.2284
2727,002329,皇氏集团,46.8240779565
2728,002328,新朋股份,29.17131
2733,002323,雅百特,42.5811633576
2735,002321,华英农业,39.697828730000005
2737,002319,乐通股份,29.72
2740,002316,键桥通讯,42.142464000000004
2741,002315,焦点科技,43.005
2750,002306,*ST云网,29.28
2756,002300,太阳电缆,38.96586
2759,002297,博云新材,38.270781654000004
2760,002296,辉煌科技,26.290618115999997
2761,002295,精艺股份,20.8437128
2765,002291,星期六,23.257146478499997
2766,002290,中科新材,29.999243988000003
2767,002289,宇顺电子,22.532400133200003
2770,002286,保龄宝,34.340808
2778,002278,神开股份,42.8321655696
2782,002274,华昌化工,43.046881999200004
2784,002272,川润股份,20.57312
2786,002270,华明装备,44.693876786000004
2791,002265,西仪股份,47.1159368388
2796,002260,*ST德奥,31.71792
2797,002259,升达林业,44.387367753
2802,002253,川大智胜,40.612697100000005
2807,002248,华东数控,32.47153536
2812,002243,通产丽星,25.7653962936
2821,002234,民和股份,41.682435216
2823,002232,启明信息,37.58645786
2824,002231,奥维通信,26.260479999999998
2828,002227,奥 特 迅,33.5308048
2830,002225,濮耐股份,40.772812908
2831,002224,三 力 士,47.4465368258
2835,002220,天宝食品,47.1932780288
2837,002218,拓日新能,43.7665104816
2841,002214,大立科技,31.2351999546
2842,002213,特 尔 佳,25.4204
2844,002211,宏达新材,24.7808621367
2846,002209,达 意 隆,20.77396692
2847,002208,合肥城建,48.3351
2848,002207,*ST准油,17.340359905
2850,002205,国统股份,17.655106735999997
2854,002201,九鼎新材,29.9220723
2855,002200,云投生态,17.787237174
2856,002199,东晶电子,21.7880914885
2857,002198,嘉应制药,36.286954132000005
2858,002197,证通电子,49.9187082612
2859,002196,方正电机,37.5148487168
2861,002194,*ST凡谷,32.2991080984
2862,002193,如意集团,41.953002665
2866,002189,利达光电,32.3765
2867,002188,*ST巴士,14.4561859236
2868,002187,广百股份,32.6328707304
2869,002186,全 聚 德,47.441756278999996
2871,002184,海得控制,37.0479302774
2873,002182,云海金属,48.2877635886
2877,002178,延华智能,47.4293898666
2878,002177,御银股份,33.644655194799995
2880,002175,东方网络,37.0105102092
2883,002172,澳洋科技,44.856012182
2885,002170,芭田股份,43.523322603299995
2886,002169,智光电气,40.7288460898
2889,002166,莱茵生物,42.197651433
2890,002165,红 宝 丽,28.477348602999996
2892,002163,中航三鑫,40.33821
2893,002162,悦心健康,34.307555
2895,002160,常铝股份,40.7039706842
2896,002159,三特索道,27.0954665364
2901,002154,报 喜 鸟,42.193719267199995
2905,002150,通润装备,21.2539012425
2906,002149,西部材料,41.6480574246
2907,002148,北纬科技,41.416632271
2911,002144,宏达高科,23.244272432000002
2915,002140,东华科技,43.042332531
2919,002136,安 纳 达,23.802714
2921,002134,天津普林,19.545056556
2922,002133,广宇集团,37.313749235
2923,002132,恒星科技,38.953497206
2930,002125,湘潭电化,31.311358640999998
2936,002119,康强电子,36.023140000000005
2939,002116,中国海诚,35.9578515618
2941,002114,罗平锌电,44.951942112999994
2943,002112,三变科技,18.023039999999998
2946,002109,兴化股份,48.2248713362
2948,002107,沃华医药,41.342637599999996
2950,002105,信隆健康,19.71475
2952,002103,广博股份,34.2159664112
2959,002096,南岭民爆,25.2103873
2965,002090,金智科技,45.0160897272
2968,002087,新野纺织,41.166434484
2971,002084,海鸥住工,28.003512328399996
2973,002082,万邦德,33.2486
2979,002076,雪 莱 特,46.285201487
2983,002072,凯瑞德,30.0256
2985,002070,*ST众和,24.9021197152
2986,002069,獐子岛,30.6489355614
2989,002066,瑞泰科技,20.0508
2993,002062,宏润建设,47.07675
2995,002060,粤 水 电,40.876909972
2997,002058,威 尔 泰,20.4270424768
2998,002057,中钢天源,30.269692759999998
3001,002054,德美化工,26.3696190812
3003,002052,同洲电子,38.416924241000004
3009,002046,轴研科技,42.734449857
3010,002045,国光电器,41.8154712
3015,002040,南 京 港,43.7803813104
3016,002039,黔源电力,43.9468674618
3018,002037,久联发展,34.308183168
3022,002033,丽江旅游,44.948340159800004
3029,002026,山东威达,28.314633440599998
3034,002021,中捷资源,27.237475584
3038,002017,东信和平,26.009032733599998
3040,002015,霞客环保,23.280892232499998
3041,002014,永新股份,36.1093191108
3043,002012,凯恩股份,32.640257806
3049,002006,精功科技,29.721947999999998
3062,000996,中国中期,41.676
3063,000995,*ST皇台,12.6669312
3064,000993,闽东电力,31.873421268
3069,000985,大庆华科,22.1942824
3071,000982,*ST 中绒,40.0719607938
3075,000978,桂林旅游,24.594829999999998
3079,000973,佛塑科技,45.0819197686
3080,000972,*ST中基,28.151850633499997
3086,000966,长源电力,37.570830312
3089,000962,东方钽业,29.006787975199998
3093,000958,东方能源,48.1693399762
3095,000955,欣龙控股,32.519058
3096,000953,*ST河化,20.3783189841
3097,000952,广济药业,37.4286097831
3100,000949,新乡化纤,45.527148973799996
3101,000948,南天信息,28.9268891958
3109,000931,中 关 村,47.672937960599995
3111,000929,兰州黄河,15.9387228
3115,000925,众合科技,46.6795770804
3117,000922,*ST佳电,36.6930140122
3119,000920,南方汇通,32.5784
3120,000919,金陵药业,43.596
3125,000912,*ST天化,39.7215
3126,000911,南宁糖业,22.7828898711
3128,000909,数源科技,30.0483070368
3130,000906,浙商中拓,41.4177400572
3136,000899,赣能股份,45.271448064000005
3138,000897,津滨发展,48.0329853498
3140,000893,*ST东凌,33.0766729864
3142,000890,法 尔 胜,25.284130559999998
3144,000888,峨眉山Ａ,47.632944420799994
3151,000880,潍柴重机,26.560868099999997
3157,000868,安凯客车,40.1341352931
3159,000862,银星能源,27.3974170836
3162,000859,国风塑业,25.289180765999998
3164,000856,冀东装备,39.5888
3167,000850,华茂股份,39.9170298807
3171,000837,秦川机床,39.452804779
3173,000835,长城动漫,22.056325245
3174,000833,贵糖股份,40.772512911
3181,000823,超声电子,46.6623454
3185,000819,岳阳兴长,31.393818170000003
3187,000816,*ST慧业,28.8017073554
3190,000812,陕西金叶,36.5897684264
3191,000811,冰轮环境,40.815884437499996
3193,000809,*ST新城,30.269840453100002
3196,000803,*ST金宇,24.5115583667
3201,000798,中水渔业,24.981381
3208,000790,泰合健康,34.740322732
3212,000785,武汉中商,24.117283008
3214,000782,美达股份,36.9169596477
3215,000780,平庄能源,44.0208944616
3216,000779,三毛派神,25.113605394
3218,000777,中核科技,48.5023255145
3225,000760,斯太尔,39.5956294164
3228,000757,浩物股份,35.903881902
3230,000755,*ST三维,24.0732750573
3231,000753,漳州发展,33.8095045211
3232,000752,西藏发展,36.3459200598
3237,000737,*ST南风,19.151723999999998
3242,000731,四川美丰,41.699646816
3249,000722,湖南发展,37.2719100446
3250,000721,西安饮食,23.755061792
3255,000716,黑芝麻,32.706670312
3256,000715,中兴商业,22.8505914
3257,000713,丰乐种业,21.5489572928
3262,000708,大冶特钢,45.165552240000004
3263,000707,*ST双环,15.177566515499999
3264,000705,浙江震元,25.4601943932
3266,000702,正虹科技,17.9178435072
3267,000701,厦门信达,34.4401258432
3268,000700,模塑科技,38.6292459905
3269,000698,沈阳化工,41.139622629
3271,000695,滨海能源,22.881196517
3272,000693,*ST华泽,17.9895826513
3273,000692,惠天热电,21.1534691472
3274,000691,亚太实业,20.721607000000002
3281,000682,东方电子,42.550098982499996
3284,000679,大连友谊,20.99196
3285,000678,襄阳轴承,26.8872901245
3286,000677,恒天海龙,31.8807862812
3291,000670,盈方微,49.569280752
3292,000669,金鸿控股,49.329637826
3293,000668,荣丰控股,19.265655968
3297,000663,永安林业,33.0077063536
3300,000659,珠海中富,43.199604672
3303,000655,*ST金岭,24.587551499
3308,000638,万方发展,25.3708
3309,000637,茂化实华,27.3454437256
3311,000635,英 力 特,35.915880836999996
3312,000633,合金投资,33.3502119018
3313,000632,三木集团,29.700148566
3317,000628,高新发展,28.936491999999998
3322,000622,恒立实业,18.2421954
3324,000619,海螺型材,25.38
3326,000616,海航投资,48.914017335
3328,000613,大东海A,48.02479
3330,000611,天首发展,24.619384683
3331,000610,西安旅游,21.1889371395
3332,000609,中迪投资,27.1742173976
3333,000608,阳光股份,47.5445037906
3336,000605,渤海股份,46.1982766
3344,000595,宝塔实业,37.831822875
3345,000593,大通燃气,24.745539621
3348,000590,启迪古汉,31.5623129906
3349,000589,黔轮胎Ａ,30.4757471472
3351,000586,汇源通信,24.915072
3352,000585,*ST东电,19.912836
3357,000573,粤宏远Ａ,31.308330673200004
3359,000571,新大洲Ａ,44.529300799999994
3360,000570,苏常柴Ａ,26.665280485
3364,000565,渝三峡Ａ,26.535843864
3367,000561,烽火电子,41.679031239
3373,000554,泰山石油,34.520960376000005
3376,000551,创元科技,28.085644431
3378,000548,湖南投资,27.5067911861
3381,000545,金浦钛业,38.486490744
3391,000533,万 家 乐,32.5374336
3392,000532,华金资本,40.778996622
3393,000531,穗恒运Ａ,44.667399864000004
3394,000530,大冷股份,39.7997676165
3395,000529,广弘控股,40.164774703999996
3397,000526,紫光学大,27.107781152599998
3400,000523,广州浪奇,41.312597409
3401,000521,美菱电器,44.2909501544
3402,000520,长航凤凰,35.827754307
3410,000510,金路集团,37.7083815226
3411,000509,华塑控股,24.5993968866
3413,000506,中润资源,41.6199956928
3417,000502,绿景控股,16.4119811016
3421,000430,张家界,31.4948159708
3423,000428,华天酒店,35.8661952
3427,000422,*ST宜化,24.6015479088
3428,000421,南京公用,31.3237872898
3430,000419,通程控股,32.1257349105
3433,000416,民生控股,32.3377868352
3438,000409,山东地矿,21.5612948676
3440,000407,胜利股份,49.812791529600005
3441,000404,华意压缩,37.0269860828
3450,000159,国际实业,21.170128936
3455,000153,丰原药业,24.446685273
3456,000151,中成股份,42.413934000000005
3459,000099,中信海直,49.334132188
3467,000068,华控赛格,44.0922101232
3482,000045,深纺织Ａ,40.8508045051
3488,000037,深南电A,43.218078133199995
3492,000032,深桑达Ａ,38.087322886799996
3498,000026,飞亚达Ａ,45.1468482549
3500,000023,深天地Ａ,26.016795000000002
3503,000020,深华发Ａ,47.4011893998
3504,000019,深深宝Ａ,48.5356310031
3506,000017,深中华A,31.426832979
3508,000014,沙河股份,31.7483964338
3511,000010,美丽生态,30.7445517375
3514,000007,全新好,47.2208683972
3516,000005,世纪星源,39.2717168382
3517,000004,国农科技,19.4490000144
3520,900930,*ST沪普B,1.53654585474
3521,601798,*ST蓝科,19.9953903672
3523,601268,*ST二重,0.0
3524,600984,建设机械,42.026437398
3525,600962,国投中鲁,26.719199
3526,600896,*ST海投,44.49787264
3527,600877,ST嘉陵,37.388142976000005
3529,600870,*ST厦华,26.840142814500002
3530,600817,ST宏盛,14.5140893964
3532,600806,*ST昆机,34.2016230332
3533,600793,宜宾纸业,20.8494
3535,600778,*ST友好,16.1041028984
3536,600767,ST运盛,20.5629139746
3537,600749,*ST藏旅,26.0556413516
3538,600747,ST大控,29.286567979999997
3540,600732,ST新梅,24.372516168
3541,600725,ST云维,32.413961
3542,600722,金牛化工,41.7716281064
3546,600696,ST匹凸,17.573182380000002
3548,600680,*ST上普,29.393128415299998
3549,600656,退市博元,0.0
3550,600654,ST中安,40.415161248000004
3551,600644,乐山电力,29.988916706299996
3552,600634,*ST富控,25.5625043964
3553,600608,ST沪科,21.4088798091
3554,600556,ST慧球,19.0685360964
3555,600539,*ST狮头,17.848
3556,600444,国机通用,19.1519887056
3558,600423,*ST柳化,19.2884848779
3559,600421,ST仰帆,14.59176
3560,600408,*ST安泰,20.23668
3561,600401,*ST海润,41.106935822400004
3562,600397,*ST安煤,23.8580331562
3563,600321,*ST正源,32.778935
3564,600311,荣华实业,27.15648
3565,600301,ST南化,14.367551354000001
3566,600289,*ST信通,21.5188755529
3567,600275,ST昌鱼,21.7273500626
3568,600265,ST景谷,29.19202
3569,600247,*ST成城,23.82006528
3571,600238,*ST椰岛,25.45776
3572,600234,ST山水,20.285077176
3573,600228,ST昌九,23.239116
3575,600209,*ST罗顿,28.4479237512
3576,600202,*ST哈空,17.4036665088
3578,600193,*ST创兴,14.462682000000001
3579,600163,中闽能源,37.280053079
3581,600149,ST坊展,29.27232
3582,600145,*ST新亿,27.883577106
3583,600091,ST明科,18.9837035416
3584,600087,退市长油,0.0
3585,600074,*ST保千,34.3741932909
3586,600071,凤凰光学,38.470537872
